5962.995239570699,11891.997063203795
5953.251699451958,11837.438587378934
5949.69763133892,11781.553680809024
5947.079959247425,11725.611860944282
5944.881844571005,11669.659819524517
5942.920473565858,11613.692551093143
5941.109970058309,11557.728419234085
5939.401768680559,11501.746827852121
5937.7672226574105,11445.767387705342
5936.187005539289,11389.783779674115
5934.648649709374,11333.82096290874
5933.141478109976,11277.832045529396
5931.659675162216,11221.857453223456
5930.197533048578,11165.87891343893
5928.750779680879,11109.886379738096
5927.316971866843,11053.907107049597
5925.893303017154,10997.929372734776
5924.477514682577,10941.943463974996
5922.991094013094,10885.963041242563
5921.2723487066105,10829.993396622129
5919.178283376255,10774.038091624607
5916.330721000952,10718.101167083878
5910.913213300568,10662.39683848198
5864.835112571716,10658.764733314514
5825.676499720546,10653.227400541888
5843.859665457638,10600.269515558723
5863.563227450941,10547.855648061377
5882.607090807054,10495.185417508823
5854.4875735118985,10478.97639297694
5799.589672282338,10489.616804912686
5801.468298766469,10437.106703804147
5810.288018465957,10381.822470698284
5820.132343631349,10326.68237981691
5829.789354429158,10271.529630479077
5829.263406455517,10225.21280413866
5775.389623666604,10240.504355447754
5721.018376477063,10251.729307451285
5709.077453613281,10199.68814086914
5711.689229770127,10143.755466106595
5716.987456386785,10088.01308777271
5724.04192782736,10032.456077752497
5732.689831595739,9977.138036419274
5743.170188808635,9922.125823310953
5755.770597990137,9867.574726775754
5768.763392899891,9813.099038420762
5773.575959406793,9765.629628114402
5719.4835955959425,9780.116959020103
5665.738321613411,9795.820989879936
5612.791664779186,9805.146271370351
5625.112811518615,9750.56601290488
5640.749899828224,9696.806608598956
5656.414820658581,9643.045914982285
5668.432718725759,9588.398424588027
5620.039690388048,9604.828315410577
5571.479809449986,9632.740448791534
5543.750538391323,9622.594280623569
5541.59703967307,9566.657271012082
5545.406027763197,9510.813254458613
5554.108891068293,9455.492324020712
5566.352954216695,9400.870457482239
5581.598399196773,9346.992939783158
5599.681051492691,9293.989438533783
5619.198030933738,9241.509319208562
5630.934200342745,9191.031585573219
5577.700523283333,9208.335705957375
5525.111174568534,9227.580015443265
5482.303987336543,9224.992895973473
5492.443220544384,9169.98772713549
5507.519965418229,9116.054810379326
5525.463250080431,9063.008232716687
5547.264313610942,9011.46031027319
5571.849299836002,8961.159552744793
5569.374605806108,8922.83802174867
5514.0402158364595,8914.239524109202
5458.403718057991,8907.894094462303
5450.66301161953,8880.21480627582
5483.155756471213,8834.620148177492
5515.713444744166,8789.048213893668
5547.148545459938,8742.715356266253
5577.10522857836,8695.4020454502
5603.714188382306,8646.197743275523
5561.841387285907,8665.15174115863
5514.568865867681,8695.17091831041
5466.990425839453,8724.697935831166
5430.9903697159225,8710.891839865673
5434.207783158874,8655.00929470908
5438.296607356441,8599.171836566267
5443.523077721094,8543.412395046777
5450.78167776151,8487.900362787812
5461.306274395296,8432.898646635143
5476.250479833938,8378.960701763906
5495.5683472155815,8326.406606788642
5515.0584180302685,8273.921191945905
5466.54801214808,8285.824377966856
5413.34546758316,8303.282022413972
5373.331002482126,8300.38061485601
5394.126372569208,8248.398609237362
5416.160253305856,8196.907893380696
5437.977280798057,8145.351014950464
5432.487749672029,8104.027987825568
5415.988955411594,8060.183408599929
5434.9363078176975,8007.563350491226
5459.27328099357,7957.142122590449
5482.266913443047,7906.083437871712
5447.81982083687,7909.743140900304
5407.2263473439525,7918.424980524724
5410.550964498156,7862.5361040107055
5416.438264668307,7806.841152482214
5423.9446101966805,7751.345390808998
5434.1763721915195,7696.303268497228
5447.751848460144,7641.9897242340685
5462.570561941364,7587.974554419867
5477.009610927329,7533.877424466515
5473.208045303647,7496.935149711484
5428.816111204214,7531.004910897464
5382.49058008194,7561.787710189819
5389.467997408277,7508.506529924596
5403.583256280563,7454.30783686908
5418.934244195412,7400.461724408082
5435.102048441631,7346.839973950837
5451.978070243408,7293.460287914574
5469.642936871574,7240.314853945851
5488.398140536216,7187.541618910267
5509.08055671386,7135.504218458082
5489.849793331232,7122.699516396155
5439.723602907732,7144.060600891011
5420.081970921456,7097.096613136775
5441.6573126345575,7045.460616728889
5465.285842844069,6994.687028179398
5487.212606207584,6943.174900780476
5507.215535998213,6890.867204239936
5525.254550289481,6837.851334253017
5540.974949891994,6784.101826855669
5553.372873902161,6729.510190761137
5550.02181096375,6693.58691342175
5501.52227726311,6721.504578349763
5497.6297541952645,6673.842921782087
5509.245719342638,6619.051523346512
5523.0232741671825,6564.777256936803
5538.634967391025,6511.007464831094
5555.859860099619,6457.713555329945
5574.728255283811,6405.001767346599
5595.609729109565,6353.040713998023
5618.058842121289,6301.755866854874
5596.081756591797,6258.671112060547
5606.896763611585,6207.980028205551
5633.404687194248,6158.648392696619
5660.870612446628,6109.853186787926
5688.510136881314,6061.139119018011
5715.6719156976815,6012.184017142983
5741.832054853163,5962.670742454677
5702.5591084307525,5959.408333851141
5667.2916979976,5950.920192586258
5683.743871362414,5897.393703233218
5701.832657353942,5844.396321679858
5722.792964261025,5792.483720725402
5746.198713443133,5741.595575652758
5771.873321336228,5691.838613741333
5800.0288979287725,5643.449690530052
5796.705829523504,5618.474221840501
5808.308218139555,5572.2522469978885
5830.4453810345185,5520.82689646357
5852.977294032666,5469.555027591952
5875.2317370005185,5418.171323937015
5896.629216850051,5366.42639698241
5915.188307054341,5313.649496026337
5883.807827400975,5316.313261805102
5901.211148713607,5263.081453996081
5918.70795882454,5209.88997528961
5936.406909427362,5156.75536870685
5953.053673409189,5103.288913083788
5968.866817386046,5049.560778744148
5983.606496019522,4995.541545740794
5996.918668864587,4941.141458425454
6009.549062864507,4886.590913816779
6021.724267645104,4831.927094675599
6033.510548408619,4777.193080041229
6044.905036684876,4722.358657381341
6055.780275282388,4667.42842773992
6065.527319013012,4612.282961042148
6042.906555881982,4622.245646840494
6010.455915329931,4667.88421169287
5978.807345681486,4714.0861665930815
5947.603608749542,4760.588040527041
5916.748798294788,4807.310594259647
5886.214254216507,4854.242827645981
5856.015206401332,4901.411762693852
5826.242525608788,4948.853907236593
5797.11420975512,4996.676071007663
5769.153985364552,5045.202911460185
5742.017633354277,5094.174568758141
5715.492842170914,5143.5041564622525
5689.728599517155,5193.226575619339
5665.118512902456,5243.530733820362
5636.072898076847,5290.628369688056
5612.54137092171,5281.560081606323
5592.356833487749,5333.792348593473
5571.969230342256,5385.943582666216
5551.6113291073125,5438.113028712221
5530.538830539648,5490.001897197348
5504.087284207344,5539.078285634518
5479.049956175311,5578.2069454300745
5462.620522687072,5631.727339081232
5444.061295417696,5684.569838174093
5423.810182529939,5736.776022176407
5401.571660519245,5788.163754074567
5376.197346198274,5838.07399858948
5349.012867186422,5842.978340011759
5320.571559021249,5794.751773992553
5303.300444156164,5832.252375461394
5288.792466150597,5886.340389298275
5274.493623775223,5940.494921494883
5260.554447909599,5994.722467859552
5246.094877206124,6048.828619261345
5214.954252541065,6091.092493951321
5170.982703843727,6119.929732092798
5147.926074585739,6170.94274392201
5125.549691934604,6222.273719241726
5100.865014967094,6272.529897057628
5074.478110594755,6321.916175844142
5046.465840017315,6370.402864701772
5016.3459575720435,6417.610776353266
4982.468207394704,6462.16474075662
4965.608650231734,6433.81962271966
4948.58511088349,6412.395923041797
4918.047296464443,6459.334835767746
4890.7039591463035,6508.188558739691
4865.58624475989,6558.227447274221
4842.380318397996,6609.190082633628
4821.3135233579615,6661.086453611021
4802.901811684688,6713.96191021435
4780.584570322753,6765.132529017821
4731.491095514852,6771.367737277877
4714.81635621321,6718.170909644396
4691.974909016268,6747.640352061484
4668.891910372412,6798.643778446109
4644.161051922676,6848.8971213330515
4618.561559191745,6898.682196782262
4592.177581787109,6948.09765625
4564.886337826871,6996.985402790364
4536.265462127223,7045.11933286881
4507.368670839562,7093.088006406328
4495.729377823416,7056.837472661398
4489.0310929469415,7001.243138046353
4462.30454117863,7006.974644502567
4434.441896045813,7055.526311458685
4405.437895218755,7103.431256908445
4374.788832461694,7150.297440601877
4343.009727568733,7196.397561253652
4310.107856170736,7241.719623212825
4275.517879161798,7285.743047857937
4239.16215285752,7293.495959230699
4220.88741236506,7241.882015214418
4198.976082847129,7291.644781051853
4182.011993944994,7345.002350687282
4158.92941267547,7395.930922960102
4114.1457538977265,7415.481915898621
4084.559700373182,7445.936694338307
4062.086171677336,7497.206561071798
4040.655418734852,7548.953988908528
4018.762987307273,7587.525974614546
3993.7177378311753,7537.435475662351
3968.672215395258,7487.344430790516
3943.0593170619686,7494.458443691488
3917.027778247837,7544.042327146977
3890.5754328160983,7593.396796173689
3862.2158393840073,7641.672421041614
3829.181598686644,7686.836556114173
3792.431640625,7729.08203125
3754.2812313855275,7770.067281627594
3714.438923914611,7809.402734011033
3686.4926504653413,7784.980168450391
3673.490289863199,7730.5080837756395
3662.270257715136,7675.654593273997
3648.7041512017604,7668.604216700187
3633.0893557306845,7722.372183894389
3621.5194896124194,7777.174991891961
3612.109885584123,7832.361388503397
3604.2341393314673,7887.804552423462
3593.6770554427058,7936.2762749530375
3550.359613894281,7900.770175323181
3506.817628547811,7865.558422931848
3471.7644848198397,7854.829444575735
3459.3788762228796,7909.449810038786
3441.5630923552035,7962.498477641137
3417.6908985492046,8013.133920521999
3389.1238224926637,8061.27071008971
3355.818732551663,8106.19591994927
3324.4046031942125,8093.591491144034
3302.6052180361003,8042.003801707178
3278.974435409298,7991.241379768122
3254.5520398179397,8033.166559619709
3230.0668573050352,8083.522878372663
3204.223925995254,8133.1924050841135
3175.5737222010025,8181.298983106333
3145.0072166686004,8228.224355593018
3112.673334470688,8273.942329457044
3077.9852776106086,8317.873221969712
3036.9394219098613,8345.393930349499
3019.734992624568,8292.240576567217
3003.5230005498743,8238.883617050364
2967.395324207877,8270.612308567119
2940.7446942938113,8319.84832511851
2913.577454071945,8368.821429699241
2880.208701074007,8397.784874957986
2850.13622246671,8350.633246582933
2824.8405577540398,8300.68111550808
2798.728970674798,8282.815285319462
2769.9234458958845,8330.851841810485
2740.5234319528863,8378.507701201559
2710.2082399949577,8425.591579496453
2678.1796214558417,8471.52940803999
2643.4909395772647,8515.469790825477
2606.0782183293704,8557.137639419347
2567.064820058622,8597.293920609056
2524.343562602997,8627.094609737396
2495.2895363451826,8579.469243055282
2463.57140292041,8545.832414678298
2429.3388062270824,8590.129670629394
2396.920956875812,8635.780594916008
2364.698698655542,8681.573444054739
2331.2074674257456,8726.455251655061
2298.770541363978,8708.673732986339
2267.0236045075,8676.276841115032
2241.5762400969907,8726.117196296145
2219.2049542591267,8777.447811925733
2193.272526493296,8827.002282993402
2158.3258060121443,8790.129953163676
2126.3935545656423,8769.346518724371
2086.383801052347,8808.531328866258
2046.3721950169129,8847.717953333951
2006.2356440046499,8886.754284900599
1965.9130436040432,8925.630872879003
1925.5370215252078,8964.433041823448
1885.127734118406,9003.194635095666
1844.6892801705685,9041.934230540532
1804.2392570434863,9080.646852607326
1763.7620932472041,9119.354406163042
1723.269940582637,9158.049617731214
1682.7709702009095,9196.727405070571
1642.267621417345,9235.387021584345
1601.7010383095146,9273.999348748071
1561.096223230641,9312.553497332736
1520.4394708275386,9351.065460893424
1479.702794056393,9389.489863909412
1438.8164966902377,9427.756258260277
1397.6296705106847,9465.709329588142
1355.7554161602066,9502.877919590901
1311.1602874553137,9536.633335535307
1270.4156403541565,9515.029908180237
1292.6387624315464,9463.6446238858
1316.4999731607968,9412.980675772065
1340.8229247053885,9362.54837374193
1365.4651373537488,9312.258446232448
1390.4742821688455,9262.150180184515
1415.8918840019037,9212.256655228557
1441.7237800598168,9162.567314339103
1468.0065348129158,9113.10862613935
1494.7721625178283,9063.930373641895
1522.083406894395,9015.044389545918
1550.0026387814669,8966.488271906972
1578.5838924617317,8918.34253262449
1607.9330370366004,8870.637052428909
1638.1284966663754,8823.495179918595
1669.3251721678314,8776.98285425175
1701.6671257049823,8731.270593125373
1735.3703328460351,8686.543746796437
1770.6947740606754,8643.099363464862
1808.0091407476614,8601.350517568178
1846.986715775216,8561.14041899168
1886.0233413595706,8521.004170151427
1844.350542402477,8486.185914088972
1860.8698288304167,8434.619146503705
1893.4327998800854,8389.204887128995
1936.6994836134836,8354.034403715283
1987.991095729405,8333.509619961842
1963.1001215690485,8285.772889980115
1983.6011774411363,8233.897255176795
2010.81499605719,8185.018457814353
2045.0501305712387,8140.807441720506
2080.937134728767,8098.435814443044
2082.2845103360887,8049.061680176092
2117.4041054065456,8005.479720476811
2073.5526290594134,7996.557583392831
2091.8541842332343,7947.310720537906
2120.2921520248055,7899.104375220835
2154.422349891187,7854.753237217983
2192.7360635070127,7813.92127953578
2234.901327429402,7777.11948280985
2281.4078236818314,7745.992770381326
2271.0330735445023,7720.00262188874
2247.006838955058,7689.469841821468
2270.6393710671546,7638.721858685953
2299.337847772338,7590.6717313877525
2333.1737115867645,7546.087405857385
2370.9955392113216,7504.814266558983
2413.842197542188,7468.889096653635
2458.1026782387635,7438.607175338548
2410.6417217068374,7410.432803463191
2429.982929811049,7374.955946849892
2470.18183544559,7335.94945895391
2509.7271023765206,7296.315555475652
2503.6141200517595,7261.8779760796315
2479.1595696417207,7234.562747595541
2525.085437984755,7202.513503535842
2571.8970868380275,7171.788404117455
2620.6078037328552,7144.266940008849
2579.41617530628,7119.1310019353405
2585.9817292457737,7068.527340202592
2614.7870191559196,7020.5178608335555
2650.1643604645506,6977.186844473239
2691.564826308153,6939.532464513068
2738.3645440389955,6908.918499156811
2790.3333146463847,6888.333339442528
2806.9821572739165,6869.457647230942
2755.802212160572,6846.812465315999
2764.7891946285963,6798.639111287892
2796.6140721869415,6752.554716513222
2831.4826902160366,6708.761031500009
2870.6530444836244,6668.771704887971
2913.823308793144,6633.160958689317
2961.7519546080675,6604.380072952543
3010.1420261927415,6577.532240860863
2962.4993197203876,6557.56431825881
2924.61046570944,6532.3457267167105
2960.701380390441,6489.540223257849
2998.965041450676,6448.691641738173
3040.466876499906,6411.105270079977
3084.937693959102,6377.098541293293
3106.1951112069655,6347.162597567076
3053.9542124442523,6326.968348386581
3062.520532393246,6305.7173533461755
3117.060810912413,6293.0133142964605
3171.917572434355,6281.713299957097
3203.0714070706745,6271.329996989894
3147.653940836044,6263.3445738074315
3092.504743990339,6253.699029011796
3097.339349060756,6219.800961174638
3145.0695199798506,6190.572692987997
3193.3616035265964,6162.192115681794
3242.011082536308,6134.46651858557
3291.046352316423,6107.403892529483
3340.4493048021213,6081.028040793215
3390.4749873566907,6055.864417565754
3441.3642408423293,6032.515230672343
3454.3217351585045,6007.96907999253
3405.272765636444,5980.956479549408
3358.7967999570974,5949.778346328516
3317.4199032047763,5912.119192376034
3352.2528719662514,5894.363349769177
3406.913529282436,5882.185068605468
3461.5702662808435,5870.007660880434
3516.2311466279257,5857.903887967773
3570.9337596669793,5845.85726647079
3625.5671443584997,5833.602808946573
3680.1622519199136,5821.095594235583
3720.8683257041266,5798.703025721945
3682.9954172048892,5757.510429847462
3687.909435139969,5717.214187454432
3731.717689424786,5682.670864067535
3780.920168236913,5655.971325600025
3832.073958424695,5633.209499497811
3884.60579635673,5613.854643326584
3938.46606642846,5598.600201134221
3989.968017578125,5578.701416015625
3944.656222051941,5546.649367703241
3979.0847944367324,5513.461873838047
4028.770709018777,5487.6300229492335
4079.184454092174,5463.250648719841
4130.105246274235,5439.951509966201
4181.573832849126,5417.887688134871
4233.961021529693,5398.136967340171
4287.7281043455005,5382.515979184769
4307.8280327233515,5343.943863564949
4324.528066933155,5300.175582498312
4378.9518137972245,5287.169474135137
4433.924052974922,5276.5179356043955
4489.023210881578,5266.512113002436
4544.250480240089,5257.18831286189
4599.449148990214,5247.750455575064
4654.504925795831,5237.558676009299
4649.112925624126,5198.65730368637
4648.683111877181,5155.481174006374
4702.848601800957,5141.307475505453
4757.308317450268,5128.258850754103
4811.8713303133845,5115.707119914587
4866.635270646655,5103.947352102985
4921.355934798601,5092.101348707336
4976.064059764511,5080.118437425364
5030.757261410356,5068.052769258618
4997.0715534752235,5023.782243978465
4997.1849817968905,4983.574475890957
5052.359000749879,4974.265863353505
5107.779209612221,4966.3349016684515
5162.916961483723,4956.533689431625
5217.695395234041,4944.941118708812
5272.090272489193,4931.606671432397
5326.027581940757,4916.572876559088
5379.464447255291,4899.857057331104
5432.370560583844,4881.451710031051
5484.629514692053,4861.35950312202
5536.196514198131,4839.536015565554
5586.973337724694,4815.930635513605
5636.845443985847,4790.469532055446
5685.669492743453,4763.054668722705
5733.276847105899,4733.551117895747
5779.407922731214,4701.824221543262
5824.26194858551,4668.299617290497
5868.367869974765,4633.791865687312
5911.890511320695,4598.558517827902
5954.808767262122,4562.581815042851
5996.73392354743,4525.463962555922
5999.082744278598,4500.426285107334
5943.713884401905,4508.780755710255
5888.588025354292,4518.558683979135
5833.5683873027065,4529.012581630025
5778.650060095686,4539.986864961664
5723.840716978941,4551.480167694184
5669.1722483743515,4563.621405364958
5614.764627752811,4576.849400571824
5561.02295023168,4592.616568037774
5508.151719003518,4611.020373855576
5455.955085025046,4631.33084646337
5404.4332758357195,4653.260126155277
5353.624189114314,4676.791036479631
5303.687641295524,4702.128677792335
5254.797613848677,4729.434420648266
5204.369513211306,4746.3352186445845
5168.702285645046,4730.988633072509
5119.079533721637,4756.94695682533
5069.69066451033,4783.3322867233
5020.388928499295,4809.917164994822
4971.14539552474,4836.567995322102
4921.869508935613,4863.170400900954
4872.540670099323,4889.687657895818
4831.1552734375,4898.111222289153
4826.520873424568,4842.320059176709
4798.147618783871,4837.540929887327
4752.060965396213,4869.362666750234
4705.973538244263,4901.184937878961
4659.898255904438,4932.9988233040785
4613.526770746626,4964.382998727218
4567.028045731538,4995.621876656878
4520.382819737184,5026.598495320517
4481.9020257408265,5038.547527083661
4477.296507316991,4990.917878696928
4425.521267987511,5012.208081190911
4374.316199350171,5034.901782365516
4323.306851226385,5058.029469603061
4272.38967660779,5081.328129154343
4221.441038298612,5104.566992600612
4170.350037944256,5127.480343444593
4149.235241929113,5092.600016587472
4098.288256018919,5115.872439228078
4047.619056447188,5139.716976805553
3997.047850805955,5163.765331287654
3946.5194286188525,5187.904393171666
3895.961147071561,5211.967252714094
3845.319493502233,5235.86393203208
3810.392631300492,5228.990511466283
3795.695620797179,5183.931700362685
3743.674767037398,5204.670423600933
3691.5748433738663,5225.179882686137
3639.416086430612,5245.572055337702
3587.219528762228,5265.860760516348
3534.9721791182665,5286.034178278714
3482.656790775992,5306.007228918978
3441.7545404434204,5305.76128075365
3446.8499867365463,5250.0283471430885
3415.3956030193076,5249.109546168955
3370.998171088595,5283.212221422073
3326.3762804371945,5317.022929549101
3304.114756470546,5282.392323836917
3252.9198921471834,5305.080956889316
3201.671989944007,5327.648826796489
3150.226605647961,5349.803980965611
3096.9683050445165,5363.218300968452
3087.2361826246197,5309.524316202122
3066.845285201416,5279.880554010422
3014.4826735608635,5299.725744723509
2962.116336304523,5319.572347427967
2909.758741950307,5339.415636612441
2857.3959883225016,5359.267549445109
2804.9841736098297,5379.023965080938
2752.505435337196,5398.5323308835505
2699.898294616495,5417.728348759086
2646.9905330961483,5436.060215035701
2666.116599043662,5390.670482810157
2693.560763463378,5341.866208821535
2719.9481384607498,5292.482957630884
2684.844875931238,5293.443427814798
2631.9978869797924,5311.975216511317
2579.229922910288,5330.70583115159
2526.5257931893593,5349.613782419245
2473.928166702093,5368.85647226997
2437.697621496045,5353.732990334975
2384.320751800851,5365.35474779319
2331.809780215801,5384.81186898594
2279.26814711561,5404.179238954617
2260.004868209362,5371.754350171526
2247.898223996628,5329.9108067373745
2192.571969346693,5338.560738951866
2137.135130884839,5346.413575916726
2081.55712467432,5353.345797300339
2025.8883434079876,5359.371348104546
1970.1123458295497,5364.505689027741
1914.283485813315,5368.751505788713
1858.3797530771517,5372.112318612478
1802.441121162973,5374.581473626355
1746.4592145200215,5376.149230285191
1690.4660588152428,5376.798259618499
1634.4736939768552,5376.50569292926
1578.4889239587585,5375.24120286685
1522.5280265596957,5372.96624520974
1466.630951607227,5369.63452265425
1410.8133649867036,5365.1377395455165
1355.0817956924438,5359.737574100494
1299.3735237879514,5353.976886977384
1243.7470439302524,5347.520389708157
1239.4135339239401,5326.515868415556
1289.0865092428323,5300.690970885851
1339.5135006296514,5276.312677364751
1390.2905841895845,5252.700505502173
1441.3370757776145,5229.685887259981
1492.6384666923645,5207.248193928654
1544.2101940003608,5185.472838794225
1596.167862755403,5164.580250497313
1648.6898693432395,5145.173490056533
1701.750601519714,5127.290957605117
1755.2077162181067,5110.592976004302
1808.9821020510888,5094.954682345879
1863.0448181982442,5080.36933313668
1917.4223267534323,5066.949265189153
1972.1379493383963,5055.026838162294
2027.3108404683971,5045.489730358224
2082.742128366459,5037.821959124209
2101.5973215410486,4991.329349191859
2150.284487325307,4964.535953793533
2202.484985184652,4944.297309836751
2255.5032841203792,4926.301889158349
2309.1980407612864,4910.441418019356
2363.7299556585785,4897.70687781529
2395.53963505695,4873.523059812796
2347.4894838813925,4844.768783906591
2356.6990528806673,4811.838978659065
2407.772844468659,4788.931705493008
2459.799757114557,4768.199380169981
2512.5204425746597,4749.309441934549
2566.3045188856777,4733.824422230711
2621.500942543149,4724.532272294164
2677.294420748629,4720.001359960908
2729.886372563429,4709.767014087178
2710.9056868619664,4657.149173252241
2691.705373786972,4604.586331153987
2730.5816051265065,4575.045453126425
2784.6420732834376,4560.532551954893
2839.4289919740686,4548.9199765958865
2894.6584618461566,4539.661436981467
2950.2889983469504,4533.342590912851
3006.049329723115,4528.339925769833
3014.8508106380905,4496.437456907501
2986.258845694363,4448.278844229877
2990.283634951338,4410.925282376818
3045.2515348040506,4400.208212462991
3100.4874232844086,4391.005341291428
3156.103610058849,4384.477064311504
3211.992747113228,4381.1311866641045
3267.9762945801995,4381.605581998825
3323.678235464955,4387.100474119186
3379.0126863177866,4395.678403419559
3359.0361557006836,4357.198494911194
3325.0766211019873,4312.682064905259
3314.040638727878,4270.466071052622
3369.9047510805885,4266.859559635766
3425.908786098473,4266.00103607215
3481.8932948000293,4266.796599172943
3537.7181554986164,4271.051068122499
3592.457983108505,4282.57464215873
3645.79402408193,4299.5881555086235
3676.8397510331124,4294.876958168461
3644.424997512695,4249.239721581185
3613.7952469177544,4202.451486545615
3653.7054185527522,4193.966491567087
3709.383829742481,4199.996764451615
3765.0321893290284,4206.266110531467
3820.6608932222207,4212.71635724364
3876.282957885487,4219.252078660647
3931.915489744229,4225.568146793807
3987.6022900201187,4231.6183032927365
4043.31054972546,4237.260195163239
4099.190917044878,4240
4075.3160923719406,4190.632184743881
4061.6791763305664,4140.226402282715
4116.859087915276,4149.097015843008
4171.814725123346,4159.898360703024
4226.698194236495,4171.027641862354
4281.564987103715,4182.245634729443
4336.529503803118,4192.969853894319
4391.68558009679,4202.649901176337
4416.065394364297,4176.065369725227
4404.039483094122,4121.397405016003
4450.217642426491,4123.520558357239
4504.538490025647,4137.140422845958
4558.785000443459,4151.078465461731
4612.908154566801,4165.434434558032
4667.001936047349,4179.897030469991
4721.229893191576,4193.916742941918
4775.641850892192,4207.1820587881375
4800.089632987976,4171.944363784045
4834.802006908312,4160.488529231261
4887.770743554574,4178.69504382601
4940.708274620585,4196.964879129082
4993.630122777357,4215.261633531595
5046.660161433283,4233.219611534696
5099.94186549756,4250.472765423765
5149.623377226875,4248.32541653153
5193.637246466869,4237.859483659042
5246.470949356279,4256.424819456358
5298.980065007907,4275.866240516305
5351.836358524849,4294.390925381333
5405.123206493563,4311.616442099214
5458.829759403952,4327.466575399041
5512.948725291708,4341.868321195245
5567.442634327759,4354.74458605051
5622.27775194499,4366.025987520814
5677.457096958175,4375.6563805677
5732.886256788389,4383.570751909167
5788.540326990187,4389.727298736572
5844.384124055505,4393.842800140381
5850.1802875926605,4381.042435779547
5797.169432877172,4363.029032852981
5743.9654834493995,4345.552269496024
5690.6847838458325,4328.319423305658
5637.339522405678,4311.2454837502455
5583.964654836471,4294.304975900186
5530.565514544223,4277.426960235056
5477.25948238192,4260.284088927102
5424.083860444689,4242.70005131672
5371.209802143558,4224.285675327306
5319.273107069646,4203.396359290506
5275.467486480455,4173.7428160087875
5220.291416067776,4164.241908451659
5165.20505752118,4154.221673148873
5110.643891999498,4141.687866337597
5058.317649016124,4121.87750961366
5009.415365185141,4094.7126011771106
4973.477794901468,4055.87102567032
4918.951875463086,4043.5230280339383
4863.686748626324,4034.494477185306
4809.09144026041,4022.0628824830055
4755.904356206802,4004.6294906760504
4706.301434518302,3978.939584697391
4674.673620424001,3940.881272868952
4701.685941129923,3898.803509429097
4648.0181383818635,3883.2982004672413
4593.353052578714,3871.1801287866365
4538.996367226384,3857.713210765014
4485.687613694696,3840.6109765079746
4433.873994899011,3819.4291490334763
4384.6554439102765,3792.8001325593505
4342.091142243473,3756.7038006018847
4359.04940029858,3724.622532984329
4321.6631135661755,3690.9355660193214
4272.1283814221315,3664.817189298821
4223.1942050565485,3637.5829949381914
4175.103848541818,3608.885102757402
4127.6733347709305,3579.11686393787
4080.8911155687465,3548.3495062972306
4034.912047182307,3516.394438198168
3990.3572294712067,3482.4857835769653
3989.6029194101866,3455.3449991102098
4039.57222645171,3431.4900935348123
4000.308130357269,3393.0455407977133
3956.7442372089718,3357.862866422045
3912.4958559592105,3323.527681407465
3868.272585262625,3289.2041064592613
3824.2468708085216,3254.5899044264224
3780.4608576689734,3219.6811191942443
3736.9270650099334,3184.4446608215108
3693.681969140511,3148.85928674066
3650.760023842897,3112.8930945209804
3608.2021704835765,3076.5077419246945
3566.0402417269115,3039.640963354759
3524.3507148179488,3002.248002760054
3483.2086087034327,2964.2544354583633
3442.7185433477594,2925.5717951469496
3403.0230826974343,2886.087415672552
3364.30097185204,2845.6298298853426
3326.8513076660674,2803.997329826263
3291.12408391348,2760.882457488572
3257.896499519389,2715.828248026225
3228.661965341952,2668.083711394386
3206.4185772161,2616.8470276999287
3201.791043033292,2561.2452590998655
3204.7150626499206,2505.318830534816
3244.5620061481372,2531.64960491851
3288.296692678705,2566.637354142964
3332.020067571557,2601.6160540572455
3375.7414807502637,2636.6037710474397
3419.629188083869,2671.4082389766845
3463.730132752619,2705.9109638586583
3508.1070081889047,2740.072147229439
3552.7895998679114,2773.8077203129533
3597.866154296527,2807.055512336172
3643.369261343498,2839.686207494815
3689.392475779692,2871.587210769896
3736.015153963955,2902.6069953681294
3783.319230542658,2932.5728983755102
3831.3933221845873,2961.3064252108506
3880.275431128316,2988.61418513055
3930.011717114675,3014.3594443581296
3980.491899624496,3038.5881417735654
4031.577286329615,3061.521816257591
4060.5996634329204,3039.8695605817484
4103.54055001559,3051.8770091136294
4152.048074543476,3079.8743529506028
4200.391471381314,3108.1173460382934
4248.634148667406,3136.558474731949
4296.9209737665515,3164.9428517748356
4345.362255321976,3193.029906283572
4394.045791141689,3220.676591675263
4436.829460206092,3227.580884708208
4442.645417699823,3171.9522029366344
4454.347743279577,3135.5065211184483
4498.011983758088,3170.5702293814948
4541.6806357983205,3205.6374802622877
4585.332329118955,3240.7034527498363
4628.968865852268,3275.809538693178
4672.598147735,3310.9097880274057
4710.210547240364,3332.9992048661807
4712.0309243332595,3277.0383435050026
4718.830480456352,3221.4916775226593
4737.368374050493,3206.140281940723
4768.911241104579,3252.403153620049
4800.658174423326,3298.552443008419
4834.151386523219,3343.4038626929923
4869.318633324224,3386.995886894167
4906.004605959354,3429.2873644911974
4944.631436794996,3469.8455364331603
4988.198246267624,3504.6024629492313
4998.27814420701,3459.9485693519346
4994.867985331788,3404.0711209481815
5025.258875070667,3394.569060199096
5070.141724238265,3428.0382357485546
5113.549753561641,3463.403093099993
5156.072268830957,3499.858703295043
5197.7458202955095,3537.2654095077723
5238.359371268419,3575.8203134090227
5277.213800326172,3616.1356933721836
5315.45415280899,3657.043977423571
5350,3688.588297843933
5350,3632.5851606000215
5351.594642192256,3576.6257116763154
5376.401203913629,3570.808883147576
5409.861787782647,3615.7011870178685
5442.731775594921,3661.0411606634734
5477.723099664436,3704.7583184465766
5514.058771101627,3747.381915331818
5551.498566740644,3789.023883187212
5590.29085732398,3829.399182137917
5629.673702425807,3869.1965835039737
5669.075283179554,3909.012917739339
5680.890406763938,3867.7979338452715
5701.178548658296,3830.6656863943645
5743.189722288778,3867.6531187350483
5783.52750506128,3906.4950354295606
5822.106657084367,3947.0738637839295
5858.474612094811,3989.658927533659
5892.406121948807,4034.192915429492
5923.895027843709,4080.4903162478276
5953.12130425616,4128.255380436765
5980.325925283367,4177.204341054661
6005.18539945595,4220.910009067506
6008.345533387881,4165.005368624828
6008.582236523859,4109.001364919042
6008.230335760181,4053.0067277244543
6007.671490101985,3996.9978182772843
6006.986232725314,3941.0116660927006
6006.20732899477,3885.0163061649255
6005.351966284387,3829.025807787163
6004.42960757135,3773.03000537133
6003.446143453052,3717.047198443428
6002.404077285289,3661.0465539414663
6001.30524857553,3605.0584641167666
6000.162780600433,3549.0616171033193
5999.013801365784,3493.0812127779586
5997.861846792468,3437.086525344668
5996.709268412429,3381.1093273397814
5995.55685692849,3325.124011502761
5994.405881890621,3269.1388028863876
5993.25715287248,3213.145358326103
5992.111696373249,3157.1484887973097
5990.970892305725,3101.1706208331225
5989.835051910063,3045.1798503485625
5988.705507227398,2989.1902474973076
5987.583482362919,2933.204198414579
5986.470077512503,2877.2081580708136
5985.367340753473,2821.222331930663
5984.277088014057,2765.2353607227087
5983.2017180791945,2709.2355518418535
5982.14531140745,2653.25350008192
5981.112255298983,2597.2632796492167
5980.109735612998,2541.2615811789083
5979.112633268108,2485.279498887523
5978.072549464632,2429.2787887100712
5976.993472590511,2373.2924640687097
5975.8784200571245,2317.3173827142455
5974.729052350395,2261.32198578109
5973.547332901559,2205.32468380413
5972.334742947683,2149.3525842679987
5971.090506778419,2093.368389119333
5969.81333964011,2037.372214758012
5968.499975816079,1981.3842668728448
5967.140107758343,1925.4083323180676
5965.654632452526,1869.4301871596253
5963.983886873699,1813.4602102689096
5962.312623365244,1757.4728827356666
6007.375947281718,1750.7423461675644
6063.190146784706,1755.2404340146386
6119.045105423313,1759.087739686889
6156.732694655007,1781.7967988479977
6158.076010534612,1837.777935211066
6159.257265733162,1893.7728916450578
6160.372590153729,1949.7578060765204
6161.446556421428,2005.7411005303454
6162.489922243708,2061.728441134334
6163.508418911251,2117.7208459293893
6164.505294977409,2173.7090243419407
6165.483082875906,2229.71402842163
6166.442685854407,2285.707441262753
6167.385074502952,2341.69298271373
6168.310888809922,2397.6763974951145
6169.257876075003,2453.6753960970004
6170.310991175389,2509.6706989373565
6171.360464521691,2565.6628066389067
6172.407242602705,2621.647911155367
6173.45250988003,2677.643288270146
6174.496698008462,2733.631318658917
6175.540639242877,2789.619118207404
6176.585057900845,2845.6096397875926
6177.630423291204,2901.592336300996
6178.677867322956,2957.5908849028383
6179.727646366848,3013.5793697961108
6180.780733765514,3069.5657058469606
6181.838260689118,3125.5592593148717
6182.90125237921,3181.5536883784553
6183.970934800078,3237.538668163789
6185.0494474863945,3293.5296657483277
6186.139192420913,3349.5212615216833
6187.243686634871,3405.509286416578
6188.368542514038,3461.496098021229
6189.523554596963,3517.492615282521
6190.710146341369,3573.4732038080697
6191.875146972831,3629.4647936994074
6193.010675464518,3685.4595789231853
6194.114257282927,3741.440853727865
6195.182856420847,3797.4377867312382
6196.2102260488155,3853.4174452028146
6197.188134598417,3909.407246385919
6198.102393249752,3965.4095733234008
6198.9273670755665,4021.3961126864688
6199.6108527110155,4077.389460356023
6199.996299970671,4133.383460608458
6200.37158594661,4189.3862879179815
6201.907787313303,4245.369571441977
6206.513006156001,4301.144852976959
6240.018035799265,4275.263468260877
6272.8979431758635,4229.933253662093
6304.571494258293,4183.7444016280915
6336.50500032381,4137.734291116013
6369.527876730255,4092.51795696473
6404.136242181063,4048.5087524726987
6440.859645802062,4006.2422220668523
6480.034928826172,3966.2178739274314
6521.528563615815,3928.635917253445
6564.834388295421,3893.132489363663
6608.557805642486,3858.1537554860115
6637.295126318932,3859.033212661743
6643.095450922847,3914.716328859329
6674.372949938988,3909.5016400488093
6718.108546575531,3874.513162739575
6760.808297805324,3838.2933615820257
6802.091768748259,3800.4451499738343
6842.153053385508,3761.338597635436
6881.097210194991,3721.0824014506475
6918.857608889466,3679.739240879888
6955.286593290046,3637.219008160755
6990,3596.3451661157887
6990,3652.3396685272455
6990,3708.343265414238
7007.406130060554,3725.436871945858
7049.150996422395,3688.112050257623
7091.155521510867,3651.064926743158
7134.581522018936,3615.7166629483854
7179.101751879976,3581.7588980045502
7224.545598701777,3549.026255680239
7270.901998883259,3517.6381452205096
7318.4397433219265,3488.020015792407
7368.125,3463.25
7359.874393863021,3517.894558257656
7351.5878486984875,3573.2719707245706
7381.696947136414,3582.6602277287166
7425.638649617322,3548.01664564386
7466.733616547346,3509.9735400947147
7505.981669907623,3470.0333152252997
7543.547568723958,3428.5217532092283
7580.5453571121325,3386.469624052088
7617.674610853195,3344.5576010271907
7654.564685841848,3302.4253624901758
7658.04631394372,3341.0775024779723
7654.465643442847,3396.9629916146514
7657.2649520786945,3448.894528975943
7704.68613165717,3419.113443300273
7751.528015404678,3388.422137063899
7798.0948457672075,3357.325515420406
7845.038645208089,3326.7976508768024
7892.150775862858,3296.529122860171
7938.159534454346,3273.8935527019203
7935.572014570236,3329.688427491099
7943.052359540947,3378.771710670553
7994.344017679139,3356.2949975055253
8045.141049493934,3332.7326852397964
8095.779798625716,3308.7993743452926
8146.293693781496,3284.632669192096
8196.93930053711,3260.7368774414062
8247.84594282601,3237.412977626547
8299.233466797348,3215.1543222793553
8322.563258892857,3235.814728470519
8376.470816922827,3229.4981234674888
8429.417453488642,3211.296104689667
8481.482491993076,3190.697519299856
8532.717914300665,3168.0919244921533
8583.247445801468,3143.963297977394
8633.180265535377,3118.6273440369764
8682.609761519501,3092.2999361034454
8731.593270823605,3065.146684040391
8780.17273241532,3037.2956795764403
8828.397997449269,3008.8377524213865
8876.307835705948,2979.8459008252103
8923.937683885475,2950.3770314493813
8971.296628773212,2920.490849018097
9018.406893111376,2890.2286129192394
9065.300189378004,2859.6168196784024
9111.985754677924,2828.6761635480507
9158.567237506635,2797.6218416622432
9205.17180967331,2766.5521268844604
9230,2776.1627528654353
9226.348538644497,2831.917762269515
9209.745782908867,2885.261694025132
9179.588519338435,2932.2994155984215
9143.372054449557,2974.9945009033686
9104.790386636618,3015.585702791175
9064.750302385908,3054.733699487421
9023.610733032227,3092.721408843994
8981.540252768064,3129.669965624891
8938.60365628593,3165.617895811278
8894.803590552408,3200.53496509668
8850.155096150564,3234.3139032986983
8804.796141896399,3267.155570812356
8759.046910043027,3299.4458315218526
8713.0551571967,3331.3950598305473
8666.888990076788,3363.0848662220924
8620.567476460703,3394.56195513781
8574.103700675687,3425.840575998035
8527.516139358548,3456.9042164717275
8480.769523618801,3487.741560510505
8433.83129488908,3518.2875058372256
8386.61337070418,3548.384805398284
8338.829117763962,3577.5828123901883
8324.024719380308,3612.266663570772
8373.50878260564,3638.173297853209
8334.666712460858,3673.5231946252743
8286.608581166074,3702.264897500597
8237.638607892619,3729.4216677744707
8188.079802261228,3755.5187068923733
8138.032807914366,3780.6349821852928
8087.4402028508675,3804.6442251929857
8036.131169184971,3827.0471772030087
7984.050459580496,3847.5991319743916
7991.829325187951,3881.33041831851
7965.849501570454,3915.5574167016894
7917.375564032438,3943.4503958218265
7864.93869166476,3962.9707012008384
7810.736990239264,3976.9499249021337
7755.86060264192,3988.109387737023
7700.517149813681,3996.6839340449496
7644.690113041228,4000.513154686785
7619.893931464874,4033.59667485347
7622.76112283882,4075.7924793493257
7572.765400297581,4100.799930777508
7519.268336724235,4117.242398819031
7464.318847290951,4127.926064879513
7408.776221189677,4134.941092250316
7353.27122598272,4142.327402981096
7307.352338433266,4164.9223601818085
7258.35481719696,4191.095438345801
7204.690592168587,4206.972046674018
7149.891383815905,4218.455197295029
7094.453839599501,4226.268815318331
7038.588230883703,4229.907244015485
6983.860861436231,4236.337032988435
6951.051228238386,4268.624409876065
6896.362273632327,4280.632852311957
6841.655477185932,4292.565303338331
6786.926174155087,4304.490489620948
6732.217813941283,4316.416911461654
6677.5059711700305,4328.359853317961
6622.872376997164,4340.6399802034
6568.261728058418,4353.046903095882
6513.68070564187,4365.55033543728
6459.126289180458,4378.204345160692
6404.657196760178,4391.238614395261
6430.928949048546,4400.322478884453
6486.925263358215,4400.366299652058
6542.9125332611875,4399.0066591145
6598.871494387998,4396.751346811998
6654.77881022833,4393.6439692804415
6710.5980523431235,4389.427692867484
6766.198183537501,4382.928772708317
6821.31721958772,4373.063183371278
6876.165009863264,4361.7689101537435
6930.852902230605,4349.670792366278
6985.377968278515,4336.9355463791635
7039.74100591958,4323.540252272076
7093.88178078817,4309.223340599046
7147.335614860058,4292.59016764164
7162.59682239205,4336.36955756956
7217.006176222349,4323.1603502812795
7271.428139121617,4309.948081831746
7325.84125700756,4296.737960726488
7380.312649717307,4283.721984660409
7434.79293807596,4270.735404295847
7489.261059628378,4257.751724158352
7508.8098665901925,4293.638576962054
7543.06377461557,4311.4379166483195
7598.234802706853,4301.867432183505
7653.4097520157375,4292.296267507474
7708.6004784549605,4282.733400059364
7763.856143415084,4273.714312675569
7819.185328395644,4265.096608339663
7874.6322241640155,4257.142177790316
7904.537006378174,4275.916076660156
7885.741916976287,4328.654390728101
7920.8284821598045,4342.641915665721
7976.529806892024,4336.971317831543
8032.196828214621,4330.952729294935
8087.842780977845,4324.602422755935
8143.542800796231,4318.762255057176
8199.324683265486,4313.824992848262
8252.596157073975,4318.726735591888
8226.096215318888,4367.6460554897785
8203.884061286924,4410.864867869532
8259.861354597742,4409.316089003224
8315.837886145853,4407.767331213356
8371.818902342286,4406.218449342308
8427.798627052078,4404.669603204093
8483.772345957417,4403.117434834517
8539.761507610585,4401.562180344151
8595.735442762429,4400.007348812155
8651.708955382812,4398.452529017144
8701.60325005278,4399.796208271757
8665.155572357122,4442.318498916691
8629.72108206639,4485.680334617122
8642.56367195025,4506.161201070412
8697.69462376897,4496.332761674554
8752.98213760444,4487.487225173512
8808.848263553962,4484.250917493075
8864.688291338973,4488.062585690301
8920.027805441565,4496.570716073347
8975.073014471447,4506.919436692726
8981.980682461883,4532.41185317612
8942.730681637415,4572.357113318076
8904.923452496529,4613.64445322752
8946.56093796695,4622.813143657264
9002.534438729286,4621.534306034446
9058.454068183899,4624.361158251762
9114.005125686514,4631.159849321297
9168.878948184467,4642.319887709582
9223.268081599697,4655.644985311539
9277.058433581735,4671.216391545628
9300.133440700432,4702.62595158942
9267.360635211262,4748.011381881663
9260.129930496041,4793.578412214658
9315.286529698933,4802.541193028985
9370.284950974354,4812.779422521344
9424.581293156689,4826.504123655361
9478.537289486863,4841.473964884473
9532.154116144302,4857.661500661678
9576.680904228706,4881.617227264214
9553.92767875368,4932.7730943929055
9529.354469733313,4983.079629983753
9559.077166687872,5005.540836793138
9614.035089939036,5016.203744988412
9668.069477907122,5030.839636640968
9720.735928985217,5049.8654304158845
9771.97395842686,5072.412442145569
9821.96420312988,5097.64262792004
9871.202372781932,5124.317448705435
9903.82163968333,5156.279786990839
9854.46875,5182.5625
9852.261000156403,5211.5815052986145
9905.779762442324,5228.045708156582
9958.212878505426,5247.679243931878
10009.74632247913,5269.595668536816
10060.337501443777,5293.611238927944
10109.87557314089,5319.6790505681565
10123.53549004742,5363.757652475499
10165.461507400716,5386.604227084084
10219.467462973389,5401.4398785189105
10273.398143304323,5416.520946189077
10326.78337635244,5433.3716116403375
10379.647809568707,5451.860218824169
10431.965216271043,5471.841677533905
10483.73468978628,5493.1831924142925
10534.972429475196,5515.765340464316
10585.733296424094,5539.421814030615
10635.859604064402,5564.37971007108
10685.523857177937,5590.259502075305
10734.884857177734,5616.716247558594
10783.994024387297,5643.625911540945
10832.867206681141,5670.964992014491
10881.468069473205,5698.788690480699
10929.645723504786,5727.313974141638
10976.458144157727,5758.003805614895
10930.335769027763,5767.940326851502
10874.354754828832,5769.159277374672
10818.361089332686,5769.263615785726
10762.355178977537,5768.670872881834
10706.375548590779,5767.490191874848
10650.405726257039,5765.70529913066
10594.463268919384,5763.176266384995
10538.584005770053,5759.434326979199
10482.902332690499,5753.591582046864
10427.331922686993,5746.605104249171
10371.871510621924,5738.831848141318
10316.514199489016,5730.421921856197
10261.229549854159,5721.429645793184
10206.06073232478,5711.861639018982
10151.00445421062,5701.658979672777
10096.088532062326,5690.682459877915
10041.3937795275,5678.630431679747
9986.748155129268,5666.4196702645895
9933.289351123385,5667.697655633092
9925.831689424813,5722.757834546268
9877.121403462195,5712.900597060172
9826.81132670088,5688.331385859533
9776.21826943192,5664.354501287744
9743.699286460876,5685.533071517944
9692.459192096587,5662.9327997108385
9641.566584102231,5639.583534532554
9590.682341068954,5616.174100860631
9539.360273461516,5593.781318100527
9487.214012166485,5573.421235713526
9500.347404310945,5622.643382961163
9522.899239063263,5673.911063194275
9544.220603021793,5725.66685805656
9498.384441680042,5708.213323272881
9447.800753695861,5684.181976752079
9397.255390229551,5660.079008639763
9346.73890580281,5635.929489100226
9296.306047452614,5611.565439733909
9245.953229811275,5587.088375602703
9195.582187887394,5562.6024524452605
9145.214990732871,5538.1183982729235
9110,5537.840596399561
9109.219857354678,5593.822702926802
9077.004751146482,5608.761824488558
9027.042389929002,5583.480091217172
8977.430452967968,5557.507398491343
8926.825290422095,5533.576731152456
8888.217669041827,5551.39430147782
8843.90735420227,5518.428180538416
8803.325109945174,5479.835407019345
8763.070956235752,5457.458686786704
8759.610521802955,5513.2543070666
8729.12832687818,5528.4855632001945
8678.69399828374,5504.138557299671
8628.49572741978,5479.335131119782
8578.434685059721,5454.209108420808
8528.390709664513,5429.110917352125
8478.177385986186,5404.2982907542755
8427.775668506409,5379.898167249907
8398.38336820912,5400.514100565226
8380.155514429807,5429.997537783238
8332.262777634078,5400.952910307118
8284.3908357297,5371.920893926399
8236.505047467565,5342.863404088042
8188.612155985709,5313.872537877165
8140.463905420387,5285.2522744605085
8092.042033482576,5257.142189721926
8057.703893226528,5281.398132267786
8007.16849200429,5257.715400225978
7958.532758999523,5229.95255941524
7910.166092624775,5201.7425178617705
7861.867250420439,5173.417907044106
7813.568053206343,5145.067542990875
7765.073000953067,5117.041714830324
7747.601623162627,5148.647729769349
7725.327888220496,5162.728006305841
7682.178188609314,5127.036279466962
7639.020608095458,5091.338033856736
7595.872735175484,5055.647817984659
7552.734866046113,5019.933784762117
7509.606230929494,4984.213749542832
7466.477494562111,4948.493630465553
7423.348436369124,4912.773244845594
7419.557137489319,4961.6495242118835
7391.256354547169,4987.2609872972735
7342.89010399198,4959.04212172861
7295.465436069777,4929.253439878727
7248.562795285199,4898.68097128497
7201.929135432711,4867.673412880185
7155.118054842576,4836.929699537897
7107.548320202157,4807.406834111054
7061.317553598696,4806.222516881913
7012.598415298708,4791.017091731977
6966.116731707241,4759.7694959497985
6918.545431325212,4730.242458171211
6869.922120634537,4702.452722233704
6820.53010070356,4676.097785825041
6770.424308235206,4651.083429584072
6719.616703951895,4627.532824522197
6668.0008570440905,4605.826026717313
6615.32982199168,4586.858046280413
6561.965770004889,4569.827895963859
6508.354971416363,4553.644393578674
6454.580473814121,4538.060513371149
6400.633732048079,4523.036052369305
6346.4841200569645,4508.719576542266
6291.983291975339,4495.935744596296
6294.685482501052,4523.042427083477
6333.098931847087,4563.780929449244
6372.49801064227,4603.580741862834
6412.445694488608,4642.814596275473
6452.876733779109,4681.575176340243
6493.814647094192,4719.776407482164
6535.512072452519,4757.146292571089
6579.087600504817,4792.297625390822
6624.802667041661,4824.630105959165
6671.819215621296,4855.0463885333775
6719.995405028712,4883.601667400662
6769.194904085246,4910.3514666165365
6819.297001477582,4935.356483684551
6870.208745020825,4958.6859124982775
6921.824192782805,4980.39726413295
6974.065766545303,5000.555485302548
7026.852385199557,5019.218724424456
7080.133086087887,5036.45055243573
7133.841017598904,5052.303847659481
7187.9274094758375,5066.832774714229
7242.337273009389,5080.085713326015
7290.089592732489,5094.001357494621
7251.182781310796,5134.27135511431
7248.202427295037,5171.202458225191
7300.855527182852,5190.231320709572
7353.836882120098,5208.376268043501
7406.975448391613,5226.082970385716
7460.272548541565,5243.272670152459
7513.608273869766,5260.318108143945
7566.947793389729,5277.364758712181
7618.196520075202,5295.092732697725
7585.016595400288,5340.200840658625
7598.35713082552,5374.544614970684
7652.387171892022,5389.230238992828
7706.6869945592,5402.901943422922
7760.853496831781,5417.15677799267
7814.79840726239,5432.16509272954
7868.157470803474,5449.152213969703
7917.563302076056,5474.678612796752
7907.737349752337,5524.347891011974
7936.693142787466,5550.757679097296
7989.441711660311,5569.520255792532
8040.3157268177965,5592.89743366925
8089.863653421402,5618.995967447758
8138.360765338402,5646.970152079948
8185.820256864936,5676.68292922824
8231.92928314209,5708.446962356567
8262.27425456047,5740.347823023796
8213.030146501958,5766.080053135753
8257.076927131318,5790.43211577041
8309.389518710599,5810.351313880955
8359.849918135373,5834.588939526079
8408.589093986711,5862.1569477177945
8455.158521424517,5893.235384736781
8497.563861966133,5929.688970923424
8504.730880465795,5969.0705898674205
8462.369892016053,6005.707120418549
8480.460367339649,6031.385379431522
8533.52462176933,6049.272283310807
8586.703023202615,6066.785972261231
8639.970703125,6084.095703125
8693.30763830549,6101.161443833366
8746.663737713985,6118.1492612994525
8799.826970417984,6135.742223368958
8848.766318179667,6160.658795133233
8808.405777420849,6196.978407902061
8758.929782468185,6223.16769041031
8709.44399512373,6249.3621977372095
8729.662900293079,6275.517268650285
8777.723744946454,6304.274308576369
8824.967421642896,6334.3424208802
8871.744251150529,6365.113451394789
8918.16934047559,6396.448409734828
8964.200028077496,6428.319211096688
9009.749515981544,6460.896266312708
9054.305038157974,6494.825106293907
9048.696156665916,6519.684078496764
8993.091365303844,6526.190863469616
8937.353460937738,6531.764653906226
8966.875457947055,6545.033177570993
9020.727712241001,6560.419330369681
9073.807177244538,6578.1854493500505
9065.80088146776,6603.386572614312
9022.939801234752,6627.061965194531
9065.091560955232,6663.549815295228
9103.016705194359,6704.743558477143
9138.58914715815,6747.9686673025635
9171.710297008467,6793.107016738373
9163.19821882248,6830.759464740753
9110.571584995429,6849.685646501981
9130.599671877455,6876.308503058506
9176.97660518298,6907.56112477713
9218.669751222304,6944.900129560083
9255.362430231244,6987.154668270163
9288.013780872741,7032.638094490418
9317.844353506243,7080.016932126198
9339.360844679177,7130.807882077992
9289.810815408826,7155.666246145964
9272.731849158765,7174.842933281761
9323.695935995143,7198.023977715921
9369.99765598122,7229.351951225661
9410.084524462538,7268.367954116824
9443.780468305456,7313.037248988752
9470.259052713402,7362.309178090654
9488.370522529935,7415.010722671053
9445.83911476843,7445.128795960918
9474.470875447452,7477.607674454031
9517.90255039744,7512.955111491494
9559.587190479186,7550.335155649591
9533.046927007235,7583.078608900425
9531.048306123703,7615.153136736073
9568.719056658447,7656.5909623242915
9605.386915088588,7698.893094801824
9617.90037868882,7739.561406249995
9571.84299506247,7761.477167747915
9615.12797432736,7796.770815401098
9655.835232118392,7835.1009489084245
9689.378806118257,7879.877905087022
9717.28650818956,7928.397150509241
9740.912747092312,7979.165522463969
9759.322419488803,8031.944908821024
9723.497940431902,8060.004541890128
9744.493635991734,8101.654902666094
9783.156604290009,8142.171590328217
9821.52182836608,8182.9377675900905
9855.377453714793,8227.48923965145
9880.868327050079,8277.273553428075
9901.697831808415,8329.244579521037
9869.293044939637,8349.963369382545
9885.057010415941,8392.131653565913
9889.780298636062,8443.81238002528
9914.868645411245,8488.937681160001
9946.766206399421,8534.802349128295
9970.221456619367,8585.61253708545
9986.553220073227,8639.093926351517
9962.136338257347,8687.032513838261
10004.230626818606,8717.261728540421
10045.975229575415,8754.186317626736
10074.820210071566,8801.94536812484
10084.560565239808,8855.453013226012
10042.189125588164,8891.741791209206
10075.1006571026,8929.527629035549
10111.624174792858,8971.949700494588
10144.67084741946,9017.138388690286
10175.508744991015,9063.879395522912
10204.747478884094,9111.65631309944
10232.712687335908,9160.163099139929
10259.638036047569,9209.267403894944
10285.66050044821,9258.85325943461
10310.882265128384,9308.854887046204
10335.368710535984,9359.211834850232
10359.17495747852,9409.897484043806
10382.331442001228,9460.874121446737
10404.871282604876,9512.14207633228
10426.800714426245,9563.667429133324
10448.135015058331,9615.45928908512
10468.880513943912,9667.474534754705
10489.28531147544,9719.622454785336
10509.377901812666,9771.898414699011
10529.067669386808,9824.313630524992
10548.149138738649,9876.95376239928
10565.669698816797,9930.148319853542
10530.957509756088,9956.234394907951
10488.688279199709,9919.745117625595
10450.137552332133,9879.123917883262
10412.467000303848,9837.702058278519
10375.167768121879,9795.93402375992
10338.063375266145,9753.98010536926
10301.087731648619,9711.93169678218
10264.185215941716,9669.814907352118
10227.325881553992,9627.648299719709
10190.49637884665,9585.449902055536
10153.696811455891,9543.241924786043
10116.862821291283,9501.072059041579
10079.976133340604,9458.936054147849
10043.041230032433,9416.836350215464
10006.063654349748,9374.785479468233
9969.026729462825,9332.774588802073
9931.941000041874,9290.831995075276
9894.769259782233,9248.943394709337
9857.5014379015,9207.149460992321
9820.068051091192,9165.490936729231
9782.259214209014,9124.192732041556
9743.488858222961,9135.675821304321
9706.47607421875,9171.824462890625
9687.669333062164,9119.079459573011
9670.31529275421,9065.84620879963
9651.349140144885,9013.171059638262
9619.001180566847,9031.731259077787
9587.891267288243,9065.699943175307
9558.788751956188,9017.889172663106
9530.79927907619,8969.385146885232
9502.909136973823,8920.818263813406
9475.481313250668,8871.996737586189
9445.97656250745,8871.534423817182
9414.456976004876,8917.828816492838
9378.810448294505,8923.358721200377
9339.690975485737,8883.31775224531
9305.283517570468,8839.151918634132
9273.965084237134,8792.736014067566
9244.98407289333,8744.822541075235
9218.186752024776,8695.67166280053
9193.753470310849,8645.285253072723
9169.60942509491,8594.750673568808
9139.414979220368,8571.798301897012
9107.477734123357,8617.785686033778
9076.25833261374,8664.263934789924
9043.184970999511,8661.445309193685
9018.467413902283,8611.199400901794
8995.884296342207,8559.9709693982
8970.657880846236,8509.996043249863
8944.337272368371,8532.03723188024
8925.109231849972,8584.627888642543
8890.030156754656,8593.973617074662
8855.840112835303,8549.646627041066
8825.095068604896,8502.857389653851
8797.014725726633,8454.407893012622
8772.547908331035,8404.047089672415
8750.991856368546,8352.383702736111
8731.354140451876,8299.924041452585
8713.606281531276,8246.818844593829
8690.383064456168,8257.925963373244
8663.611909261288,8307.109380205962
8634.082132225056,8354.6606633825
8601.08378035849,8321.264834357635
8576.990629026855,8270.743702405001
8555.879023460513,8218.878954753416
8538.270090169497,8165.73645538314
8526.234756720281,8111.056411082522
8501.589760315605,8080.841222506948
8455.512374832455,8112.630372894757
8409.47766917944,8144.498102262616
8390.965920805824,8106.9427588366125
8385.744781222453,8051.195379627297
8381.57338034004,7995.350607056924
8376.224361113505,7939.596084017539
8367.721315132454,7884.273556405678
8345.166200179607,7906.052694436163
8328.203625441514,7959.415894703823
8309.112669149195,8012.040710721281
8273.383656106585,8001.94302863072
8238.63915059244,7958.029290393855
8205.533027667756,7912.868805794264
8173.971204364294,7866.619493038046
8145.565392136574,7818.375893115997
8121.096865148371,7768.009555964614
8100.529960021377,7715.982161574066
8077.505602538586,7666.419827759266
8041.526123177302,7708.591275814879
8010.784301508218,7755.357399759232
7981.624967777163,7721.4500214464915
7965.472271263365,7667.825307542405
7949.399395280052,7614.159468429396
7922.6000772072,7587.675792916678
7877.8889856263995,7565.124064311385
7862.6775611595385,7511.23240136114
7849.887361648784,7456.721607327927
7837.59342985932,7402.081910485867
7817.411023155626,7440.05286333886
7783.70792576372,7456.848506193473
7752.30964878861,7410.506620169055
7723.615613188287,7362.4156772987235
7696.23875191619,7313.566646456585
7669.92048687203,7264.148001548954
7644.704764500401,7214.149957638484
7620.966232888434,7163.419774289194
7596.032748699188,7122.2011642456055
7581.028615443691,7176.062937493813
7559.755311518908,7223.900097161531
7533.240904302998,7174.6783642911105
7509.82683401386,7123.8108679789
7487.351271117572,7072.516370585654
7465.580653670175,7020.91332386253
7444.5605767830275,6969.016653110739
7424.609473031806,6916.68049282029
7405.342300363205,6864.115364626923
7386.462371230125,6838.612886309624
7360.346486740862,6886.625260150759
7311.825378573863,6874.892075747717
7301.002288323942,6819.9931844346065
7286.50070944331,6765.907395129495
7269.308591358815,6712.61548376571
7250.350412848099,6659.926076467039
7229.781403757632,6607.848428338766
7207.138795193416,6556.625715166738
7178.464756502406,6508.821055625158
7155.4086425813875,6554.716939508915
7121.887361708024,6525.798460543156
7095.399863252179,6476.49169189703
7071.40977594816,6425.906994284151
7049.318222530147,6374.446533447033
7028.965859450284,6322.269835238987
7010.535290365143,6269.39560402799
6994.3621354199295,6215.7867358526255
6963.839429043117,6172.047524170135
6923.143737384613,6147.74341336537
6913.997802734386,6092.486724853582
6904.853294375585,6037.238653519162
6895.662040885399,5981.995282936501
6885.799268130009,5926.864990776856
6873.988648414612,5872.159038066864
6835.428352309391,5906.964559613261
6807.7502906380105,5894.887024177297
6786.323160010841,5843.161454607936
6768.437570754002,5790.09808978611
6752.76670508333,5736.352342069684
6739.269979966455,5682.005506948801
6730.146099388599,5626.803691506386
6704.027052119374,5597.082740783691
6686.750066845798,5546.949580203247
6671.127755732043,5493.1577208880335
6655.180478703454,5439.484239593128
6638.950960305887,5385.888969372867
6622.24308726918,5332.43784208232
6604.809651845135,5340.2645150870085
6577.372392396332,5292.611664773227
6557.7479454642225,5240.147062513878
6536.626337050041,5188.283283320104
6514.52967782712,5136.823461229424
6491.791040759315,5085.646484629964
6468.525409169203,5034.715438005717
6444.744768100647,4984.014635007783
6420.389392371426,4933.578598204438
6395.285184776483,4883.524317924006
6368.986471618783,4834.0895758024035
6341.973615453594,4785.043169414495
6314.574917251434,4736.189655674609
6286.8624802951435,4687.542133486241
6258.796658053841,4639.081241116099
6230.239657659172,4590.914552984833
6199.186837859917,4546.835402728291
6200.155445031647,4602.620527370862
6206.148003977611,4658.291512294619
6213.6284282893575,4713.7844591055555
6222.357961668471,4769.101848607691
6232.764050222474,4824.128996087724
6245.5546359506425,4878.632700171225
6260.351498753811,4932.641721959366
6277.107395316578,4986.076210179676
6295.766615017705,5038.879188252844
6316.255994331244,5090.983807752367
6338.5069396108665,5142.3659404174305
6362.442916495516,5193.000955739364
6387.9684424172565,5242.84253622464
6414.9951791677395,5291.875044200873
6443.448035690255,5340.112909108229
6473.223922836976,5387.52729910075
6504.255426205563,5434.1504624631025
6536.447349303338,5479.971335033695
6569.916598100464,5524.857304374047
6603.1622864170495,5569.936839420814
6594.810398964444,5600.087849830859
6539.703923243491,5609.811642390283
6539.561836339533,5650.8723321557045
6569.22487475387,5698.373662832964
6599.179278400903,5745.690256922229
6629.309847244816,5792.891784870342
6659.505113060935,5840.055965688778
6689.455298189254,5887.374705684586
6719.023106563678,5934.934660682633
6747.463906501536,5983.166576724732
6704.367235247046,6006.123801799491
6664.789863721468,6022.866662665037
6697.982940350543,6067.9659515632375
6731.1789200702915,6113.069184878113
6764.268732949519,6158.260354854108
6797.003667745754,6203.6845845023345
6829.235624807909,6249.473794878012
6860.108514729991,6296.194483949857
6884.061133957468,6346.509198816493
6848.0029515252245,6380.018804544248
6838.955310868914,6418.605115454993
6869.397577564983,6465.58718800102
6895.60310626796,6515.0440993010125
6917.70660630298,6566.497488937293
6936.889765936401,6619.108106673375
6954.0753643478965,6672.386274770135
6969.8844940197305,6726.120373008496
6985.113924414909,6779.993481318888
6955.902222596851,6800.18740773201
6928.250896155441,6813.539863739934
6953.905360163635,6863.329803845505
6979.846340955335,6912.952887417662
7003.926038191401,6963.4933568676115
7025.005043525465,7015.371559124543
7041.434848342076,7068.87764518937
7048.499159816172,7124.263266598011
7022.658599748451,7165.860097561599
6966.974534875291,7171.571116851541
6968.985228429938,7209.64415589987
6998.500624323235,7257.238515245903
7028.344800605291,7304.617511926335
7058.400690493108,7351.8698207618745
7088.5710822039055,7399.055713330694
7118.570276043491,7446.332690072847
7148.325905721889,7493.7760927267
7177.5895765009955,7541.530304981816
7161.159123018684,7567.471249957665
7105.696044440609,7559.862347440585
7051.118169774805,7547.4078134110405
6998.115691897765,7529.382009231049
6994.19126800129,7559.2373911142495
7015.420941352844,7611.028232395649
7033.491346372961,7664.029702499376
7050.36939168219,7717.442407349298
7066.542438229884,7771.043767753347
7082.164895589073,7824.829740039424
7097.225864441687,7878.757017963368
7111.579164598283,7932.887445760027
7124.545278817615,7987.35425512726
7104.958101141143,8002.31782514861
7059.53997959695,7969.556629916042
7014.47144698292,7936.342582220052
6995.432831472019,7937.712189240963
7026.886709722923,7984.026946547558
7058.700632984339,8030.1243775093535
7089.0458671767265,8077.165074463934
7055.844788049435,8076.35482279757
7003.485996246338,8063.644016265869
7010.609424118704,8119.046979514662
7016.4774835995395,8174.7058517885525
7019.115331088817,8230.651691476853
7019.626536532733,8286.633506501035
7014.590722511712,8342.191272661425
6961.720975135802,8328.439564865897
6914.165418148041,8318.329826831818
6928.157509297016,8372.527062624344
6941.475320256113,8426.88776424598
6948.188244195038,8482.451728779039
6949.321972689269,8538.430141193883
6945.353092140713,8594.258749231534
6936.4503467275645,8649.53301915084
6924.491266292229,8704.199308152543
6878.4383188835345,8699.506319489912
6833.305385772197,8693.478544087367
6855.729267711111,8744.647374494103
6875.528960865457,8796.911578297964
6882.611587192259,8852.35922047839
6880.958460550026,8908.30261470144
6873.14956119936,8963.723468090408
6859.390003138809,9017.967157457131
6826.1280374750495,9052.677774816751
6774.531511260197,9045.216864711605
6792.746639622519,9098.069226853142
6804.601979329213,9152.781702905719
6813.184996156124,9208.108548304503
6772.119752407074,9217.569071769714
6743.743396177888,9244.246223695576
6746.453231351501,9300.184322717918
6749.126855649851,9356.11155522479
6746.271766029298,9409.712062582374
6693.769286989409,9390.294058104104
6676.809037504354,9414.232090510617
6690.020823893034,9468.659045172513
6696.295867910261,9524.222224208344
6693.143433606971,9580.071552134446
6682.8749324802575,9635.102943733928
6668.254843781462,9689.152165223955
6651.010654747486,9742.432090379298
6612.580100193853,9751.587324793916
6575.838151813601,9743.481579567306
6585.685681727133,9798.57883397583
6595.068659793216,9853.788189975508
6599.927367112672,9909.515380015975
6593.404464113149,9965.098129072892
6582.179830652662,10019.949612477794
6566.796944355941,10073.76113241422
6533.232042334974,10097.75591956079
6509.664988399163,10112.693554443054
6493.392228867626,10165.624311762149
6456.268436457613,10199.216557136868
6458.709655106068,10255.152202811732
6451.2392137646675,10310.529280270042
6435.186888127588,10364.157153331093
6411.858807529323,10414.818041996914
6360.51513671875,10430.474609375
6370.9664607048035,10475.016469467897
6384.781939983368,10528.923782827798
6381.188041418791,10584.64079367053
6364.471859828933,10638.003870991772
6321.096883485048,10662.095955263268
6285.713811417081,10678.748782539245
6287.737054932659,10734.725186470227
6287.775291765787,10790.70214149538
6283.990639645704,10846.577321244771
6277.722483676542,10902.211141561755
6269.6632553462005,10957.626182131384
6260.214573632651,11012.835208104112
6249.63754930852,11067.824671789185
6238.105589609285,11122.612644981436
6225.737280351855,11177.231012852792
6212.626007415069,11231.67297184029
6198.838188847338,11285.949619359191
6184.4251579707925,11340.065238906458
6169.427925956539,11394.016556303903
6153.873318477348,11447.816621361872
6137.788771077787,11501.449605869533
6121.183947576559,11554.938047400443
6104.075456959357,11608.263652583426
6086.472138550504,11661.419190167342
6068.375780723564,11714.405908738803
6049.781781056425,11767.231093552235
6030.2896743458405,11819.725560872059
6007.659018529022,11870.917712080955
5965.106423273683,11893.29855170846
